42.5 0.5 4.160 0.01
43.0 0.5 4.210 0.01
40.0 0.5 3.750 0.01
39.0 0.5 3.530 0.01
37.0 0.5 3.270 0.01
36.0 0.5 3.110 0.01
32.0 0.5 2.530 0.01
30.0 0.5 2.320 0.01
28.0 0.5 1.940 0.01
25.0 0.5 1.600 0.01
23.0 0.5 1.330 0.01
22.0 0.5 1.240 0.01
19.0 0.5 0.950 0.01
16.0 0.5 0.600 0.01
14.0 0.5 0.430 0.01
12.0 0.5 0.310 0.01
11.0 0.5 0.268 0.01
10.0 0.5 0.241 0.01
09.1 0.5 0.188 0.01
08.4 0.5 0.168 0.01
07.8 0.5 0.152 0.01
07.0 0.5 0.130 0.01
06.5 0.5 0.121 0.01
06.0 0.5 0.108 0.01
03.7 0.5 0.064 0.01
02.4 0.5 0.041 0.01
01.9 0.5 0.031 0.01
01.0 0.5 0.017 0.01
00.5 0.5 0.009 0.01